# Regresja liniowa: y ~ x1

Równanie: y = 3.1775x + 10.4247

## Parametry modelu
Wyraz wolny (intercept): 10.424705
Współczynnik kierunkowy: 3.177491

## Metryki dla zbioru treningowego
MAE: 2.923514
MSE: 14.182356
RMSE: 3.765947
R2: 0.380454
SSE: 1021.129602
s: 3.819367

## Metryki dla zbioru testowego
MAE: 4.259326
MSE: 57.890941
RMSE: 7.608610
R2: -1.862840
SSE: 1852.510111
s: 7.858138
